-,-,-
40.039062, -245.849609, 938.964844
35.156250, -230.224609, 974.609375
1.953125, -258.544922, 949.707031
14.160156, -214.599609, 961.425781
15.625000, -177.490234, 938.964844
-0.732422, -140.380859, 820.312500
-21.240234, -52.490234, 642.578125
-74.951172, 82.031250, 363.281250
-32.470703, 154.296875, 144.531250
-65.185547, 119.140625, -99.365234
-85.205078, 49.804688, 407.226562
-126.220703, -58.837891, 1615.722656
-268.798828, -311.279297, 1999.755859
-254.638672, -515.869141, 1999.755859
-,-,-
-64.208984, -254.638672, 932.617188
-80.810547, -262.451172, 825.683594
-63.232422, -163.818359, 745.117188
-38.818359, -129.638672, 557.617188
-67.626953, 34.667969, 310.546875
-105.224609, 170.898438, 72.265625
-42.724609, 150.878906, -189.697266
-29.541016, 125.976562, 498.046875
-218.505859, -20.263672, 1914.550781
-168.212891, -155.517578, 1999.755859
-86.669922, -148.681641, 1999.755859
-243.408203, -159.912109, 1416.992188
-46.630859, 43.945312, 1226.074219
-,-,-
-51.513672, -372.802734, 963.867188
32.226562, -390.380859, 1030.273438
-9.521484, -329.833984, 920.410156
-31.982422, -304.443359, 837.890625
-40.771484, -227.294922, 724.609375
-65.185547, -119.384766, 533.203125
-94.970703, 7.812500, 241.210938
-70.068359, 82.031250, 0.488281
-3.173828, 176.269531, -116.455078
22.949219, -68.115234, 98.144531
-261.962891, 139.648438, 1462.402344
-554.931641, 4.882812, 1999.755859
-676.513672, -191.650391, 1999.755859
-383.056641, -126.708984, 1999.755859
-,-,-
-50.048828, -324.951172, 967.773438
-11.962891, -283.935547, 966.796875
-7.568359, -333.251953, 945.800781
-25.634766, -315.185547, 912.109375
-34.912109, -262.451172, 829.589844
-56.396484, -171.630859, 700.683594
-98.876953, -9.521484, 443.359375
-105.224609, 102.539062, 123.046875
-25.146484, 83.007812, -133.056641
60.546875, 87.402344, -4.150391
28.320312, 136.718750, 1072.753906
-183.837891, 161.132812, 1935.058594
-144.775391, -182.861328, 1999.755859
-183.837891, -432.861328, 1999.755859
-38.330078, -212.158203, 1606.445312
-,-,-
43.945312, -416.748047, 900.878906
8.789062, -402.099609, 899.902344
25.878906, -377.685547, 891.601562
-8.544922, -302.001953, 815.429688
-50.537109, -219.482422, 682.617188
-77.392578, -104.248047, 469.238281
-91.064453, 7.812500, 204.589844
-80.322266, 78.125000, 62.500000
-114.013672, 149.414062, 123.046875
26.367188, 145.019531, 764.648438
-96.923828, 77.148438, 1640.136719
21.972656, -22.705078, 1999.755859
-258.056641, 205.078125, 1999.755859
-60.302734, -112.060547, 1851.562500
21.484375, -97.412109, 1535.156250
-,-,-
-34.912109, -320.068359, 848.144531
-18.798828, -222.412109, 733.886719
-83.251953, -151.611328, 550.781250
-66.650391, -95.458984, 342.773438
-78.369141, 43.945312, 182.128906
-23.681641, 175.292969, -12.451172
-6.103516, 155.273438, 401.855469
-9.521484, 208.984375, 1346.679688
-172.119141, 54.687500, 1999.023438
-138.916016, -270.751953, 1999.755859
-60.791016, -308.349609, 1999.755859
-72.998047, -212.158203, 1594.726562
-,-,-
-3.662109, -406.005859, 924.804688
-3.662109, -364.501953, 922.363281
-17.822266, -411.865234, 870.605469
-16.845703, -387.451172, 898.925781
-17.822266, -315.185547, 893.554688
-52.001953, -250.732422, 722.656250
-66.650391, -123.779297, 584.472656
-106.689453, 15.625000, 333.984375
-67.626953, 33.691406, 79.589844
8.789062, 0.488281, -15.869141
-45.654297, 100.585938, 331.054688
-166.259766, 277.343750, 1213.867188
-252.197266, 82.031250, 1961.914062
-303.466797, -85.205078, 1999.755859
-218.994141, -218.505859, 1999.755859
-,-,-
-111.083984, -177.490234, 902.832031
-136.474609, -135.498047, 709.960938
-185.791016, -106.201172, 412.597656
-230.224609, -71.044922, 118.164062
-127.685547, -30.517578, -11.474609
-45.654297, 32.714844, 703.613281
-92.529297, 340.820312, 1790.527344
-84.716797, 453.125000, 1999.755859
-16.845703, 264.648438, 1839.843750
105.468750, 125.000000, 1590.820312
-,-,-
-175.537109, -252.685547, 903.808594
-84.228516, -177.490234, 979.980469
-131.103516, -215.576172, 916.992188
-98.876953, -228.271484, 937.988281
-146.240234, -164.794922, 829.589844
-188.232422, -138.427734, 616.210938
-216.552734, -52.490234, 316.406250
-231.201172, -35.888672, 122.070312
28.808594, 75.195312, 213.867188
55.664062, 3.417969, 1084.472656
-72.509766, 367.187500, 1247.558594
-24.658203, 387.695312, 1587.402344
1.464844, 260.742188, 1690.429688
-24.658203, 193.359375, 1690.917969
21.484375, 206.054688, 1600.097656
-,-,-
-75.927734, -232.177734, 1009.765625
-80.810547, -242.919922, 938.476562
-43.212891, -240.478516, 943.847656
-72.509766, -262.451172, 923.339844
-95.458984, -252.685547, 870.605469
-153.076172, -232.177734, 686.035156
-191.650391, -123.779297, 458.496094
-314.697266, -57.861328, 157.226562
-9.521484, 86.914062, 139.648438
85.449219, 200.195312, 418.945312
54.687500, 269.531250, 998.535156
7.324219, 373.046875, 1739.257812
6.347656, 292.968750, 1958.496094
-12.939453, 192.382812, 1848.632812
94.238281, 216.796875, 1631.835938
141.601562, 234.375000, 1314.941406
164.550781, 154.785156, 1091.308594
-,-,-
-63.232422, -271.728516, 989.257812
-57.861328, -271.728516, 988.281250
-69.091797, -262.451172, 990.234375
-57.373047, -247.802734, 936.523438
-92.529297, -220.458984, 789.550781
-105.712891, -114.990234, 606.445312
-99.365234, -24.169922, 356.933594
-143.798828, -22.216797, 220.214844
-119.873047, 56.640625, 262.207031
-9.033203, 158.203125, 507.324219
145.019531, 142.578125, 1064.453125
114.746094, 238.281250, 1808.105469
104.492188, 109.375000, 1999.755859
-6.103516, -27.099609, 1939.941406
131.347656, -35.888672, 1650.390625
-,-,-
-111.572266, -321.044922, 922.363281
-38.330078, -330.322266, 1020.507812
-85.693359, -291.748047, 961.425781
-46.630859, -267.333984, 931.640625
-44.677734, -220.458984, 702.148438
-64.208984, -215.576172, 530.273438
-2.685547, -156.005859, 414.550781
-50.537109, -122.802734, 359.863281
-73.974609, -64.208984, 395.996094
103.515625, -27.099609, 538.085938
234.863281, 172.851562, 1085.937500
125.488281, 338.378906, 1499.023438
37.109375, 268.554688, 1864.746094
-20.263672, 120.605469, 1885.253906
-93.017578, 69.335938, 1638.183594
39.062500, 90.332031, 1448.730469
-,-,-
41.992188, -298.583984, 954.101562
41.992188, -257.568359, 958.496094
3.906250, -274.169922, 925.781250
-45.654297, -276.123047, 881.347656
-17.822266, -244.384766, 791.992188
-16.845703, -185.302734, 630.859375
-78.857422, -157.958984, 499.023438
-73.974609, -73.974609, 410.156250
36.621094, -20.263672, 546.386719
166.503906, 28.320312, 807.128906
197.265625, 164.062500, 1099.609375
248.046875, 276.367188, 1328.125000
148.437500, 149.902344, 1615.234375
211.425781, 122.070312, 1654.785156
282.226562, 153.320312, 1323.242188
300.292969, 93.261719, 1046.875000
282.226562, 51.757812, 956.054688
316.894531, 42.968750, 1082.031250
-,-,-
-33.935547, -282.958984, 911.132812
4.882812, -246.826172, 922.363281
8.789062, -235.107422, 979.003906
-3.662109, -242.919922, 955.078125
-27.099609, -244.384766, 933.593750
-44.189453, -224.365234, 853.515625
-101.806641, -217.529297, 720.703125
-221.923828, -132.568359, 451.660156
-257.080078, -69.091797, 216.796875
-69.091797, -31.982422, 312.500000
65.917969, 47.851562, 683.105469
103.027344, 233.398438, 1036.621094
155.761719, 324.218750, 1677.734375
207.519531, 295.898438, 1665.039062
250.000000, 202.148438, 1725.585938
302.734375, 184.570312, 1543.457031
319.335938, 126.953125, 1164.062500
320.312500, 70.312500, 1083.984375
-,-,-
-37.353516, -312.255859, 970.703125
-69.580078, -307.373047, 979.003906
-66.650391, -292.724609, 952.148438
-75.927734, -254.638672, 915.039062
-91.064453, -239.501953, 810.058594
-114.013672, -226.318359, 685.546875
-187.255859, -177.490234, 485.351562
-202.392578, -153.564453, 322.753906
-178.955078, -92.041016, 303.222656
-4.150391, 18.554688, 604.980469
16.113281, 52.734375, 1111.816406
50.781250, 236.328125, 1494.140625
63.964844, 310.546875, 1681.640625
157.226562, 219.726562, 1874.023438
187.500000, 151.367188, 1604.003906
228.027344, 83.984375, 1152.343750
228.515625, 15.625000, 992.675781
287.597656, 18.554688, 1083.007812
-,-,-
92.285156, -417.724609, 874.023438
78.125000, -405.029297, 875.000000
68.359375, -413.818359, 883.300781
94.726562, -388.916016, 920.410156
107.421875, -369.873047, 954.101562
81.054688, -362.548828, 963.867188
135.253906, -336.181641, 984.375000
85.937500, -316.162109, 913.085938
33.203125, -319.091797, 807.617188
-6.103516, -308.349609, 621.582031
-68.115234, -243.408203, 434.082031
-150.146484, -181.884766, 279.785156
36.132812, -15.380859, 244.628906
242.675781, 21.484375, 561.523438
290.527344, 56.152344, 902.832031
458.496094, 266.113281, 1378.906250
386.230469, 223.632812, 1531.250000
410.156250, 184.082031, 1501.953125
448.242188, 221.679688, 1452.148438
457.519531, 207.031250, 1266.601562
451.660156, 155.273438, 1053.222656
419.921875, 110.351562, 937.500000
440.429688, 120.605469, 913.085938
-,-,-
156.250000, -375.732422, 740.234375
187.011719, -389.404297, 794.921875
189.941406, -400.146484, 759.765625
192.382812, -404.052734, 775.878906
175.781250, -417.724609, 740.234375
174.316406, -398.193359, 708.984375
148.437500, -392.822266, 664.062500
127.929688, -330.322266, 600.097656
99.609375, -234.130859, 535.156250
26.367188, -185.791016, 578.613281
108.398438, -179.443359, 618.652344
134.765625, -111.083984, 742.187500
162.109375, -40.771484, 918.945312
293.945312, 10.742188, 1159.179688
248.046875, 71.289062, 1220.214844
319.335938, 78.125000, 1337.402344
362.792969, 42.968750, 1254.882812
276.367188, 69.335938, 1152.343750
348.632812, 35.644531, 1288.085938
405.273438, 62.988281, 1234.375000
361.816406, 107.421875, 1041.992188
389.160156, 151.855469, 962.890625
412.597656, 147.460938, 1021.484375
416.503906, 133.789062, 1022.460938
415.527344, 139.648438, 985.351562
441.406250, 116.210938, 978.027344
434.082031, 86.914062, 989.257812
-,-,-
151.855469, -544.677734, 686.523438
180.664062, -523.193359, 725.585938
190.429688, -510.498047, 727.539062
180.664062, -490.966797, 721.679688
187.011719, -402.099609, 684.570312
176.269531, -313.232422, 611.328125
116.699219, -243.896484, 531.250000
177.246094, -135.498047, 558.593750
120.605469, -99.365234, 546.386719
163.085938, -97.412109, 732.910156
243.652344, -43.701172, 1009.765625
264.648438, 71.289062, 1233.398438
394.531250, 117.187500, 1372.070312
385.253906, 151.367188, 1338.378906
390.625000, 112.304688, 1311.035156
391.601562, 86.914062, 1273.437500
445.800781, 115.234375, 1228.515625
410.156250, 99.609375, 1050.292969
356.933594, 127.929688, 926.757812
426.757812, 137.695312, 1074.707031
414.062500, 140.625000, 1024.414062
441.894531, 137.695312, 988.281250
426.269531, 152.832031, 924.804688
-,-,-
263.671875, -503.662109, 682.617188
216.308594, -510.498047, 651.855469
262.207031, -486.083984, 736.328125
243.652344, -449.951172, 684.570312
236.816406, -412.841797, 653.808594
205.078125, -358.154297, 578.613281
154.785156, -280.029297, 559.570312
148.437500, -209.716797, 516.601562
207.031250, -177.490234, 658.691406
113.281250, -87.158203, 668.945312
188.964844, -1.708984, 879.882812
231.445312, 39.062500, 1143.066406
306.640625, 108.398438, 1276.855469
437.500000, 39.062500, 1540.527344
302.734375, 3.906250, 1234.375000
358.886719, -21.240234, 1347.656250
438.476562, 1.953125, 1422.851562
424.316406, 84.960938, 1040.527344
431.152344, 81.054688, 994.140625
496.582031, 97.656250, 1035.644531
406.250000, 116.210938, 916.015625
410.644531, 106.445312, 931.640625
419.921875, 127.929688, 905.273438
408.203125, 138.671875, 891.601562
429.199219, 139.648438, 904.785156
443.359375, 139.648438, 898.925781
456.054688, 108.398438, 934.570312
509.765625, 105.468750, 980.957031
-,-,-
207.519531, -507.568359, 742.187500
258.789062, -489.990234, 850.585938
356.445312, -456.787109, 917.480469
258.789062, -439.208984, 808.105469
249.511719, -439.208984, 708.007812
227.539062, -326.904297, 541.015625
150.390625, -206.787109, 344.726562
139.648438, -73.974609, 412.597656
245.605469, 33.691406, 590.820312
333.984375, 14.648438, 763.671875
352.539062, 46.875000, 955.566406
565.917969, 63.964844, 1303.710938
586.914062, 90.332031, 1373.535156
580.078125, 141.601562, 1342.773438
504.882812, 232.421875, 1213.867188
504.882812, 270.507812, 1167.480469
417.968750, 236.328125, 924.316406
379.394531, 318.359375, 785.156250
460.937500, 336.914062, 821.289062
499.511719, 314.453125, 924.804688
532.714844, 300.292969, 1037.597656
499.023438, 285.156250, 1040.039062
398.925781, 293.945312, 936.523438
389.648438, 289.062500, 922.363281
399.414062, 259.765625, 922.363281
420.898438, 247.070312, 910.156250
-,-,-
198.730469, -440.185547, 647.460938
194.335938, -385.498047, 617.675781
171.875000, -320.068359, 569.335938
147.949219, -227.294922, 491.699219
106.933594, -108.154297, 408.203125
18.066406, -34.912109, 336.425781
72.753906, 10.742188, 452.636719
277.832031, -13.427734, 885.253906
374.023438, -7.568359, 1350.585938
441.894531, 169.921875, 1731.933594
479.492188, 202.148438, 1812.500000
599.609375, 152.832031, 1769.042969
418.945312, 164.062500, 1117.187500
346.679688, 171.875000, 769.042969
354.492188, 102.539062, 754.394531
327.148438, 125.000000, 988.281250
312.500000, 212.402344, 1041.015625
336.425781, 205.078125, 1027.343750
312.500000, 204.101562, 882.324219
386.230469, 196.289062, 983.886719
377.441406, 249.023438, 982.910156
350.097656, 286.132812, 967.285156
374.511719, 145.507812, 953.125000
-,-,-
212.890625, -502.685547, 645.507812
156.250000, -475.341797, 602.050781
199.707031, -422.119141, 595.703125
209.472656, -352.294922, 549.804688
80.566406, -278.076172, 428.710938
71.289062, -208.251953, 323.730469
109.375000, -101.318359, 271.484375
211.914062, -30.517578, 414.550781
229.492188, 27.832031, 745.605469
504.882812, 98.632812, 1341.308594
555.664062, 278.320312, 1787.597656
580.078125, 310.058594, 1722.656250
508.300781, 132.812500, 1532.226562
459.472656, 113.281250, 1262.207031
355.468750, 188.476562, 861.328125
312.988281, 158.203125, 769.531250
416.503906, -87.158203, 1445.800781
332.031250, 218.750000, 1047.363281
294.921875, 125.976562, 934.570312
300.292969, 154.296875, 930.664062
315.917969, 203.125000, 936.523438
332.031250, 195.312500, 965.820312
393.554688, 170.898438, 1034.667969
-,-,-
140.625000, -494.873047, 604.492188
178.222656, -509.521484, 666.015625
192.382812, -504.638672, 700.683594
167.480469, -443.115234, 648.437500
142.578125, -381.591797, 548.339844
141.113281, -242.919922, 418.945312
52.246094, -72.021484, 245.605469
42.480469, -31.982422, 139.648438
151.367188, -123.779297, 361.328125
349.609375, -65.185547, 891.601562
521.484375, 65.429688, 1520.507812
661.621094, 101.562500, 1881.347656
668.945312, 89.843750, 1758.789062
493.164062, 54.687500, 1317.871094
457.031250, 98.632812, 1045.898438
488.769531, 85.937500, 905.761719
449.707031, 117.187500, 842.773438
498.046875, 108.398438, 964.843750
745.117188, 117.675781, 1181.152344
525.878906, 175.781250, 921.386719
429.199219, 153.320312, 853.515625
443.359375, 194.335938, 810.058594
496.582031, 208.984375, 882.812500
509.765625, 176.757812, 913.085938
493.164062, 133.789062, 897.460938
557.128906, 102.539062, 999.511719
-,-,-
148.925781, -548.583984, 663.574219
145.507812, -517.333984, 677.246094
145.507812, -492.919922, 646.484375
153.320312, -440.185547, 640.136719
85.937500, -319.091797, 472.656250
48.828125, -105.224609, 308.593750
30.761719, 92.773438, 163.085938
117.187500, 156.250000, 139.648438
550.781250, 41.015625, 925.292969
742.675781, 117.187500, 1745.117188
828.125000, 122.070312, 1929.687500
639.160156, -59.814453, 1602.539062
728.515625, -23.193359, 1689.941406
452.636719, 91.308594, 1018.066406
331.054688, 96.679688, 667.968750
375.488281, 34.667969, 665.039062
328.125000, 40.039062, 861.328125
409.667969, 150.878906, 1136.718750
422.363281, 163.085938, 1116.210938
402.343750, 128.906250, 981.933594
400.878906, 119.628906, 954.101562
418.945312, 128.906250, 931.640625
420.410156, 102.539062, 941.894531
449.218750, 101.562500, 990.234375
472.656250, 91.308594, 1018.066406
-,-,-
254.394531, -540.771484, 603.515625
251.464844, -540.771484, 561.523438
180.664062, -487.060547, 532.226562
192.382812, -410.888672, 489.746094
165.527344, -343.505859, 403.320312
91.796875, -242.431641, 289.062500
171.386719, -209.716797, 244.628906
175.781250, -234.130859, 371.582031
261.230469, -130.615234, 655.761719
562.011719, -77.880859, 1272.460938
438.476562, -46.630859, 1403.320312
446.777344, -125.732422, 1604.492188
388.183594, -44.677734, 1353.027344
359.863281, 47.851562, 1222.167969
370.605469, 62.011719, 1172.363281
355.468750, 108.398438, 1083.007812
361.816406, 140.625000, 1058.593750
423.339844, 137.695312, 1120.117188
404.296875, 128.906250, 1087.402344
392.578125, 128.906250, 1047.851562
367.187500, 156.250000, 918.945312
400.878906, 158.203125, 953.125000
408.203125, 171.875000, 960.449219
484.375000, 136.718750, 1056.640625
-,-,-
173.828125, -681.396484, 608.398438
206.542969, -646.240234, 622.070312
193.359375, -651.123047, 598.632812
229.492188, -634.033203, 607.421875
213.867188, -594.482422, 555.664062
183.593750, -493.896484, 462.890625
145.507812, -343.505859, 307.617188
15.625000, -158.935547, 165.039062
-54.443359, -47.607422, 57.128906
87.402344, 29.785156, 253.906250
337.402344, 176.269531, 821.289062
682.617188, 392.578125, 1613.281250
767.089844, 293.945312, 1934.570312
717.773438, 140.625000, 1828.613281
589.843750, 83.984375, 1433.105469
526.367188, 148.925781, 1072.753906
503.417969, 176.757812, 930.664062
453.613281, 178.710938, 911.132812
444.335938, 175.781250, 939.941406
453.613281, 157.226562, 984.375000
447.265625, 160.156250, 1013.671875
443.847656, 144.531250, 964.843750
-,-,-
211.425781, -607.666016, 612.304688
230.468750, -605.224609, 640.136719
200.683594, -613.037109, 607.421875
218.261719, -611.083984, 614.746094
227.050781, -613.037109, 590.820312
199.218750, -610.107422, 576.660156
201.171875, -599.365234, 568.359375
186.035156, -531.982422, 488.769531
104.003906, -334.228516, 315.917969
61.523438, -98.388672, 45.898438
-120.361328, 174.804688, -203.369141
-52.978516, 294.921875, -31.005859
629.394531, 425.292969, 1068.359375
1032.714844, 577.636719, 1948.242188
957.031250, 273.925781, 1999.755859
851.074219, 96.679688, 1908.203125
603.515625, 190.429688, 1179.199219
466.308594, 191.406250, 819.335938
452.148438, 171.875000, 721.679688
458.496094, 179.687500, 777.832031
481.933594, 173.828125, 868.652344
508.789062, 133.789062, 1029.296875
-,-,-
187.500000, -733.154297, 475.585938
195.800781, -738.037109, 512.695312
228.027344, -739.990234, 566.894531
206.054688, -716.552734, 566.894531
192.382812, -665.283203, 513.671875
158.203125, -616.943359, 443.359375
122.070312, -518.310547, 379.394531
109.863281, -385.498047, 335.449219
77.636719, -271.240234, 294.921875
87.890625, -140.380859, 346.679688
59.082031, -86.181641, 271.484375
205.078125, 170.898438, 513.671875
660.156250, 259.765625, 1581.542969
638.183594, 444.335938, 1554.687500
784.179688, 383.789062, 1956.054688
661.621094, 167.968750, 1547.363281
562.988281, 144.531250, 1197.265625
489.257812, 158.203125, 995.117188
475.097656, 179.687500, 951.171875
517.089844, 202.148438, 1038.085938
529.296875, 187.500000, 1121.093750
530.761719, 153.320312, 1144.531250
-,-,-
224.609375, -688.232422, 527.343750
220.214844, -711.669922, 568.359375
217.773438, -709.716797, 572.753906
216.308594, -670.654297, 579.101562
175.781250, -613.037109, 528.808594
199.218750, -479.248047, 487.304688
177.734375, -308.349609, 401.367188
79.589844, -135.498047, 289.062500
33.691406, -58.349609, 240.722656
230.468750, -17.333984, 521.972656
370.605469, 32.714844, 981.445312
449.707031, 166.992188, 1248.046875
699.218750, 307.617188, 1700.195312
660.644531, 425.292969, 1513.671875
661.621094, 319.335938, 1462.890625
585.449219, 289.062500, 1375.488281
458.496094, 279.296875, 975.585938
457.031250, 236.328125, 918.945312
525.878906, 278.320312, 986.328125
555.664062, 303.222656, 1043.945312
-,-,-
124.511719, -521.240234, 482.421875
75.683594, -359.130859, 356.933594
-19.287109, -223.388672, 267.578125
137.207031, -150.634766, 454.589844
80.078125, -159.912109, 421.875000
487.792969, 209.472656, 914.062500
607.910156, 317.382812, 1230.468750
570.312500, 359.863281, 1346.679688
680.664062, 388.671875, 1354.003906
641.113281, 359.375000, 1265.625000
648.437500, 335.937500, 1204.589844
571.289062, 335.449219, 1061.523438
794.921875, 365.722656, 1279.785156
501.464844, 199.218750, 846.191406
474.121094, 253.906250, 901.855469
576.660156, 259.765625, 1023.437500
-,-,-
251.953125, -675.537109, 597.656250
238.281250, -715.576172, 577.636719
238.769531, -702.880859, 603.027344
181.640625, -673.583984, 521.484375
168.945312, -667.236328, 499.023438
134.765625, -566.162109, 413.574219
79.101562, -473.388672, 293.945312
124.511719, -317.138672, 255.859375
100.585938, -195.068359, 185.058594
117.187500, -165.771484, 292.968750
193.359375, -123.779297, 553.710938
373.535156, 0.976562, 891.601562
565.429688, 80.078125, 1181.152344
716.308594, 14.648438, 1446.289062
834.472656, 70.312500, 1606.445312
735.351562, 60.058594, 1429.199219
658.203125, 61.035156, 1176.757812
621.582031, 143.554688, 979.003906
568.359375, 193.359375, 858.398438
697.753906, 326.171875, 1298.339844
525.390625, 138.671875, 873.046875
477.539062, 145.019531, 869.628906
-,-,-
228.027344, -734.130859, 553.710938
153.808594, -724.853516, 541.992188
229.492188, -624.755859, 557.617188
151.367188, -487.060547, 417.480469
43.945312, -295.654297, 293.945312
-26.611328, -117.919922, 146.972656
49.804688, 23.437500, 166.015625
256.835938, 68.359375, 524.902344
564.453125, 245.117188, 1079.101562
718.750000, 540.039062, 1527.832031
861.816406, 453.613281, 1781.250000
743.164062, 264.648438, 1616.699219
580.078125, 195.312500, 1212.890625
512.207031, 107.421875, 1077.148438
525.390625, 170.898438, 956.542969
536.132812, 204.101562, 910.156250
552.734375, 176.269531, 933.593750
532.714844, 211.425781, 911.132812
-,-,-
44.921875, -322.021484, 932.617188
6.347656, -248.779297, 934.570312
217.773438, -282.958984, 1067.382812
-4.150391, -245.849609, 899.902344
84.960938, -256.591797, 1017.089844
2.929688, -247.802734, 849.121094
-10.498047, -222.412109, 577.148438
-107.666016, -89.111328, -149.658203
7.324219, 212.402344, -739.013672
90.332031, 492.187500, -75.439453
-179.931641, 691.406250, 1834.960938
338.378906, 683.593750, 1999.755859
-129.638672, 175.781250, 1999.755859
185.058594, 49.804688, 1306.640625
-,-,-
-27.099609, -522.216797, 939.453125
-34.423828, -491.943359, 894.531250
-14.892578, -472.412109, 929.687500
4.882812, -499.755859, 959.472656
-19.287109, -487.060547, 921.386719
-61.767578, -450.927734, 859.375000
-7.080078, -429.443359, 691.406250
-76.416016, -329.345703, 277.343750
29.296875, 140.625000, -786.376953
468.261719, 790.039062, -1450.439453
-450.927734, 982.421875, 295.410156
-312.255859, 760.742188, 1999.755859
-70.068359, 347.656250, 1999.755859
33.691406, 35.156250, 1999.755859
28.808594, 146.484375, 930.664062
-,-,-
26.855469, -437.255859, 744.140625
64.941406, -542.724609, 963.867188
-11.474609, -501.708984, 893.554688
84.960938, -504.638672, 912.109375
31.250000, -507.568359, 898.925781
48.828125, -498.779297, 819.335938
48.339844, -496.826172, 761.718750
92.773438, -425.048828, 554.687500
124.023438, -220.458984, 40.527344
373.046875, 588.867188, -1600.830078
-251.220703, 1041.992188, -1100.341797
-756.591797, 809.570312, 1870.117188
113.769531, 618.164062, 1999.755859
15.625000, 365.234375, 1999.755859
-55.908203, 236.328125, 1736.816406
1.464844, 140.625000, 1111.816406
-,-,-
86.914062, -472.412109, 866.699219
96.679688, -472.412109, 885.253906
133.300781, -494.873047, 968.750000
124.511719, -496.826172, 957.519531
111.328125, -500.732422, 936.035156
136.230469, -512.451172, 919.921875
128.906250, -501.708984, 816.406250
88.867188, -377.685547, 501.464844
67.382812, -256.591797, 9.765625
154.785156, 431.640625, -1353.759766
-186.767578, 1095.703125, -1074.462891
-614.013672, 700.683594, 1999.755859
321.777344, 609.375000, 1999.755859
-33.935547, 152.832031, 1999.755859
-107.666016, 113.281250, 1839.843750
-57.373047, 96.679688, 1156.250000
-,-,-
126.953125, -390.380859, 839.355469
26.367188, -410.888672, 836.914062
65.429688, -436.279297, 930.664062
60.058594, -436.279297, 947.753906
59.570312, -434.326172, 932.617188
111.328125, -447.509766, 937.500000
142.578125, -461.669922, 929.687500
144.531250, -489.990234, 909.179688
127.929688, -409.912109, 530.273438
76.171875, -91.064453, -202.880859
38.085938, 850.097656, -1993.408203
-605.712891, 1339.843750, -1178.466797
-781.005859, 731.933594, 1999.755859
40.527344, 239.257812, 1999.755859
-43.212891, 187.500000, 1999.755859
-74.951172, 137.695312, 1520.019531
-112.548828, 85.937500, 973.632812
-47.119141, -49.072266, 1312.500000
-,-,-
-63.232422, -19.287109, -333.251953
-275.146484, 524.414062, -1764.404297
-625.732422, 1172.851562, -1333.740234
-74.951172, 724.121094, 1999.755859
255.371094, 324.218750, 1999.755859
401.367188, 205.078125, 1999.755859
-25.634766, 107.421875, 1484.375000
-6.103516, 132.812500, 898.437500
0.488281, 53.710938, 1125.488281
-,-,-
1.953125, -131.591797, 855.468750
-15.869141, -152.587891, 953.125000
115.234375, -163.818359, 1160.156250
10.253906, -134.521484, 1115.234375
78.613281, -179.443359, 1224.121094
73.730469, -195.068359, 1173.339844
138.183594, -240.966797, 1085.937500
137.207031, -291.748047, 1012.207031
83.984375, -375.732422, 966.308594
54.199219, -301.513672, 685.058594
47.363281, -207.763672, 275.390625
-85.205078, 99.609375, -525.634766
-269.775391, 902.832031, -1973.876953
368.164062, 1541.503906, -245.361328
-662.353516, 555.664062, 1999.755859
350.097656, 83.007812, 1999.755859
-74.462891, -61.767578, 1999.755859
18.554688, 119.628906, 1006.835938
28.808594, 148.437500, 561.523438
83.984375, 125.976562, 934.570312
-,-,-
6.347656, -275.146484, 1199.218750
319.824219, -330.322266, 1362.304688
135.742188, -220.458984, 1102.539062
147.949219, -272.705078, 1111.816406
127.929688, -295.654297, 982.421875
66.894531, -312.255859, 843.261719
-13.427734, -237.548828, 516.601562
-70.068359, -224.365234, -5.615234
-22.216797, 367.675781, -1798.583984
-848.388672, 1066.406250, -1999.755859
-213.134766, 1375.976562, 1294.433594
851.562500, 843.261719, 1999.755859
530.761719, -252.197266, 1999.755859
131.347656, -6.103516, 1471.191406
261.718750, -29.541016, 768.066406
291.992188, 27.832031, 912.109375
-,-,-
40.527344, -271.728516, 988.281250
47.851562, -225.341797, 878.906250
137.207031, -301.025391, 934.570312
70.800781, -319.091797, 984.375000
63.964844, -323.974609, 960.449219
114.746094, -385.498047, 1061.523438
6.835938, -379.638672, 940.917969
57.128906, -245.849609, 323.730469
-80.810547, 224.609375, -1254.638672
-443.115234, 1214.843750, -1999.755859
21.972656, 1392.089844, 1222.167969
492.675781, 935.058594, 1999.755859
892.578125, 358.886719, 1999.755859
116.210938, 102.539062, 1903.808594
214.355469, 160.156250, 782.226562
89.355469, 75.195312, 1125.000000
303.222656, 151.855469, 1261.230469
32.226562, 257.812500, 1244.140625
-,-,-
138.183594, -218.505859, 768.554688
125.488281, -240.478516, 788.085938
113.769531, -239.013672, 860.839844
55.664062, -258.544922, 925.781250
23.437500, -259.521484, 937.011719
8.300781, -278.076172, 988.281250
-35.888672, -322.021484, 1088.867188
-64.208984, -308.349609, 1160.156250
33.691406, -305.419922, 1260.253906
35.644531, -305.419922, 1183.593750
85.937500, -314.208984, 1013.183594
-28.076172, -325.927734, 709.960938
53.710938, -326.904297, 508.300781
-156.494141, -25.146484, -405.029297
-7.080078, 874.511719, -1999.755859
-383.056641, 1494.140625, -1129.150391
-436.767578, 968.261719, 1999.755859
820.312500, 400.390625, 1999.755859
295.898438, -79.833984, 1999.755859
52.734375, 93.261719, 1055.175781
87.402344, 84.960938, 726.562500
108.398438, 76.171875, 1087.402344
-,-,-
29.785156, -295.654297, 876.953125
131.347656, -344.482422, 996.093750
44.921875, -333.251953, 953.125000
69.824219, -354.248047, 948.242188
27.343750, -374.755859, 910.156250
19.531250, -381.591797, 812.500000
-9.521484, -443.115234, 767.578125
-41.259766, -489.013672, 725.585938
13.671875, -412.841797, 525.878906
124.511719, -356.201172, 152.832031
114.746094, -108.154297, -320.556641
39.550781, 614.257812, -1496.826172
535.644531, 1198.242188, -278.564453
-295.654297, 527.343750, 1999.755859
336.914062, 327.148438, 1999.755859
208.007812, 62.988281, 1999.755859
39.062500, 103.515625, 1523.925781
18.554688, 124.511719, 904.785156
118.652344, 103.515625, 1067.871094
-,-,-
180.664062, -197.998047, 927.734375
42.968750, -201.904297, 977.050781
47.363281, -228.271484, 1073.730469
38.085938, -247.802734, 1117.187500
1.953125, -271.728516, 1049.804688
38.085938, -350.341797, 1083.984375
-42.724609, -282.958984, 754.394531
55.664062, -398.193359, 795.898438
26.367188, -394.287109, 644.531250
61.523438, -484.619141, 636.718750
17.089844, -333.251953, 93.261719
-15.380859, 74.218750, -890.380859
-186.279297, 1110.351562, -1999.755859
427.734375, 1318.359375, 1115.234375
-59.326172, 563.476562, 1999.755859
628.906250, 62.011719, 1999.755859
283.691406, 18.554688, 1999.755859
212.402344, 161.132812, 1060.058594
105.468750, 103.515625, 767.578125
112.792969, 111.328125, 1083.984375
241.210938, 134.765625, 1377.929688
-,-,-
70.800781, -69.091797, 939.453125
41.015625, -62.255859, 1025.390625
54.199219, -44.677734, 1010.742188
37.597656, -46.630859, 992.187500
17.089844, -72.998047, 1062.500000
4.394531, -59.814453, 1085.937500
-14.404297, -103.271484, 1151.367188
60.546875, -113.037109, 1137.695312
43.945312, -190.185547, 1329.101562
49.804688, -249.755859, 1415.527344
-65.185547, -182.861328, 999.511719
-381.591797, -34.912109, 176.269531
-360.595703, 406.250000, -1647.216797
-660.888672, 1279.296875, -1999.755859
202.148438, 1346.679688, 1896.972656
604.492188, 812.988281, 1999.755859
899.414062, 166.992188, 1999.755859
223.632812, 199.218750, 1730.957031
145.507812, 165.039062, 791.503906
62.500000, 62.988281, 853.515625
125.976562, 122.558594, 1109.863281
-,-,-
57.128906, -131.591797, 1028.320312
-5.615234, -174.560547, 1171.875000
-91.552734, -173.583984, 1272.460938
16.113281, -216.064453, 1442.382812
-122.802734, -158.935547, 1216.796875
39.550781, -230.224609, 1045.898438
-91.552734, -200.927734, 699.218750
26.367188, -294.677734, 652.343750
9.765625, -294.677734, 445.312500
23.925781, -253.662109, 189.453125
63.476562, 85.937500, -665.283203
-218.505859, 807.617188, -1999.755859
-85.693359, 1425.292969, -93.017578
-320.068359, 678.710938, 1999.755859
849.609375, 341.796875, 1999.755859
353.027344, 145.507812, 1999.755859
228.515625, 259.765625, 1008.789062
-24.658203, 123.046875, 617.187500
153.808594, 85.937500, 1020.996094
-,-,-
104.492188, -186.279297, 978.027344
8.789062, -174.560547, 953.125000
29.785156, -211.181641, 1081.054688
-7.080078, -208.740234, 1075.683594
-0.732422, -248.779297, 1069.335938
37.597656, -246.826172, 913.085938
48.828125, -284.912109, 806.640625
0.000000, -329.833984, 695.800781
83.496094, -290.771484, 524.902344
-21.240234, -247.802734, 160.156250
-42.236328, 168.945312, -725.341797
78.125000, 757.324219, -1829.345703
223.632812, 859.375000, 603.027344
-136.962891, 734.375000, 1999.755859
555.664062, 182.128906, 1999.755859
225.585938, 208.007812, 1999.755859
184.082031, 229.492188, 1121.582031
15.625000, 137.695312, 757.812500
-,-,-
38.574219, -148.681641, 905.761719
135.742188, -181.884766, 1024.414062
36.621094, -181.884766, 928.710938
68.359375, -249.755859, 1019.531250
-7.568359, -252.685547, 877.929688
39.062500, -266.357422, 815.429688
5.371094, -301.025391, 725.585938
-9.033203, -348.388672, 733.886719
-26.123047, -403.076172, 808.105469
-13.916016, -332.275391, 573.242188
-105.712891, -65.185547, -296.142578
-442.626953, 724.121094, -1999.755859
40.527344, 943.847656, 227.539062
130.371094, 643.554688, 1999.755859
516.113281, 115.234375, 1999.755859
277.343750, 51.757812, 1999.755859
68.359375, 102.539062, 977.050781
-12.939453, 48.828125, 817.382812
141.601562, 26.855469, 1266.601562
-,-,-
-22.705078, -160.888672, 1107.421875
-33.447266, -169.677734, 1166.503906
-31.494141, -199.951172, 1191.406250
-9.521484, -213.623047, 999.511719
-31.982422, -283.935547, 875.000000
-3.662109, -341.552734, 747.070312
-0.732422, -246.826172, 377.441406
64.941406, -329.345703, 319.824219
37.109375, -141.357422, -264.892578
177.734375, 370.605469, -1328.857422
-171.142578, 1259.765625, -1719.970703
-392.333984, 933.593750, 1999.755859
92.773438, 318.359375, 1999.755859
247.070312, 5.859375, 1999.755859
108.886719, 227.539062, 1505.371094
-21.240234, 169.921875, 757.812500
53.222656, 122.070312, 907.226562
-,-,-
-6.103516, 8.789062, 805.664062
57.617188, -38.818359, 1024.414062
-108.154297, 13.671875, 999.511719
-35.400391, -9.521484, 1342.285156
-37.841797, 4.882812, 1519.531250
-53.955078, -9.521484, 1430.175781
24.902344, -53.466797, 1214.843750
-7.568359, -2.197266, 851.074219
-15.380859, -96.923828, 744.140625
-148.681641, -68.115234, 147.949219
-72.998047, 177.246094, -766.845703
-196.044922, 638.183594, -1999.755859
-124.267578, 1286.132812, -589.599609
-68.603516, 696.777344, 1999.755859
640.625000, 211.425781, 1999.755859
248.046875, 130.859375, 1999.755859
158.203125, 186.523438, 993.652344
34.667969, 152.832031, 595.703125
88.867188, 156.250000, 875.976562
300.781250, 163.085938, 1311.523438
