-,-,-
-153.076172, -366.943359, 911.132812
-359.619141, -227.294922, 988.281250
-600.830078, -329.345703, 1001.953125
-767.333984, -401.123047, 853.515625
-502.197266, -395.263672, 805.664062
-108.642578, -470.458984, 840.820312
273.437500, -394.775391, 803.710938
465.332031, -160.888672, 811.035156
535.644531, 76.171875, 542.480469
420.410156, 219.726562, 45.898438
313.964844, 305.664062, -127.685547
83.496094, 269.531250, 572.265625
-181.884766, 164.062500, 1594.726562
-405.029297, 47.851562, 1999.755859
-541.259766, -24.169922, 1999.755859
-397.216797, 79.101562, 1728.515625
-172.607422, 121.582031, 1340.332031
-69.091797, 22.460938, 1243.652344
-,-,-
-284.423828, -146.240234, 1105.468750
-559.814453, -147.705078, 1180.664062
-582.763672, -189.208984, 1084.960938
-375.244141, -185.302734, 1051.269531
26.367188, -219.482422, 938.476562
271.972656, -273.193359, 846.191406
374.511719, -358.154297, 845.703125
358.886719, -378.662109, 856.445312
245.117188, -267.333984, 730.957031
175.781250, -73.974609, 523.925781
61.523438, 31.250000, 51.757812
112.792969, 138.671875, -273.193359
66.894531, 158.203125, -110.595703
-36.376953, 315.429688, 748.535156
-254.638672, 386.718750, 1999.755859
-635.498047, 204.589844, 1999.755859
-662.841797, -119.384766, 1999.755859
-342.529297, -125.732422, 1723.632812
-,-,-
-100.341797, -240.966797, 1118.164062
-135.498047, -219.482422, 926.269531
-339.111328, -187.255859, 1064.453125
-465.576172, -143.310547, 992.675781
-615.966797, -123.291016, 907.226562
-585.693359, -159.912109, 853.027344
-260.986328, -173.583984, 798.828125
-4.150391, -279.052734, 780.273438
330.078125, -406.982422, 870.117188
495.605469, -460.693359, 921.386719
499.023438, -229.248047, 689.453125
294.921875, 112.304688, 175.781250
257.812500, 465.820312, -222.900391
143.066406, 404.296875, -51.513672
-28.564453, 357.910156, 1073.730469
-325.927734, 94.238281, 1999.755859
-554.931641, -229.248047, 1999.755859
-672.607422, -247.802734, 1999.755859
-343.505859, -75.927734, 1573.242188
-180.419922, -28.564453, 1074.707031
-46.630859, -48.583984, 1178.710938
-,-,-
-492.919922, -7.568359, 1075.683594
-755.615234, -0.244141, 1063.476562
-583.251953, -37.841797, 1047.851562
-92.529297, -161.865234, 941.894531
321.777344, -291.748047, 862.304688
565.917969, -427.490234, 949.707031
471.679688, -538.818359, 939.941406
347.167969, -402.099609, 717.773438
142.089844, -201.904297, 450.683594
29.785156, 37.597656, -112.548828
9.277344, 120.117188, -218.994141
-22.216797, 78.125000, 164.062500
-23.681641, 186.523438, 981.933594
-151.123047, 180.664062, 1815.429688
-200.439453, -16.357422, 1999.755859
-267.822266, -121.337891, 1999.755859
-150.146484, -78.857422, 1759.765625
-139.404297, -35.888672, 1222.656250
-105.712891, -37.841797, 1171.875000
-,-,-
-606.201172, -209.228516, 1247.070312
-544.677734, -196.044922, 1256.835938
-363.037109, -142.333984, 1200.195312
-38.330078, -138.427734, 1041.992188
258.789062, -170.654297, 842.773438
379.882812, -271.240234, 768.554688
389.648438, -363.525391, 764.648438
292.480469, -366.943359, 670.898438
188.964844, -257.080078, 580.566406
65.917969, -6.103516, 277.343750
-70.556641, 62.011719, 79.589844
15.136719, 169.921875, -149.658203
279.785156, 341.796875, 319.824219
225.585938, 366.210938, 1470.214844
13.671875, 116.210938, 1999.755859
-257.080078, -203.857422, 1999.755859
-229.248047, -192.138672, 1760.742188
-27.587891, -43.701172, 1053.222656
55.664062, -8.544922, 976.562500
79.589844, -57.861328, 1069.824219
-,-,-
-597.900391, -24.169922, 1321.777344
-522.705078, -168.701172, 1273.437500
-126.708984, -175.537109, 1129.394531
264.160156, -188.232422, 881.347656
507.324219, -257.568359, 731.933594
512.207031, -267.333984, 616.210938
435.058594, -206.298828, 403.320312
198.242188, -84.716797, 164.062500
47.363281, -41.748047, -207.275391
17.578125, -43.701172, -526.123047
44.921875, 24.414062, 90.332031
54.199219, 262.695312, 1440.429688
-247.802734, 188.476562, 1999.755859
-468.017578, 6.835938, 1999.755859
-356.689453, -53.466797, 1864.746094
-107.666016, 81.054688, 995.605469
-26.611328, 57.617188, 921.386719
51.757812, 38.085938, 1103.515625
44.921875, -5.615234, 1356.933594
-,-,-
-106.689453, -238.525391, 988.281250
-235.107422, -81.787109, 970.703125
-505.615234, -128.662109, 1028.320312
-667.236328, -257.568359, 1061.523438
-453.369141, -239.013672, 1110.839844
19.531250, -232.177734, 1197.265625
402.343750, -276.123047, 1213.867188
546.875000, -317.138672, 1064.453125
497.070312, -235.107422, 826.171875
346.679688, -152.099609, 559.570312
155.761719, -93.017578, 250.000000
118.164062, -45.654297, 80.566406
95.703125, 43.945312, -6.591797
69.824219, 195.312500, 133.789062
-14.404297, 130.859375, 884.277344
-80.322266, 45.898438, 1835.937500
-107.177734, -115.966797, 1973.632812
-145.263672, -233.154297, 1942.871094
-70.068359, -145.263672, 1596.679688
-14.404297, -84.716797, 1576.171875
98.144531, -34.912109, 1549.316406
-,-,-
-375.244141, -59.814453, 1116.210938
-520.263672, -144.775391, 1162.597656
-411.376953, -72.021484, 1086.425781
-118.896484, -45.654297, 1063.476562
124.511719, -82.275391, 1032.714844
304.199219, -234.130859, 970.703125
396.484375, -318.115234, 923.828125
356.445312, -389.404297, 791.503906
352.539062, -307.373047, 672.851562
277.343750, -151.611328, 480.468750
208.007812, -36.865234, 89.355469
113.281250, 12.695312, -142.333984
132.324219, 97.656250, -74.462891
38.574219, 310.058594, 987.304688
-188.232422, 310.546875, 1999.755859
-323.974609, 62.988281, 1999.755859
-309.326172, -72.998047, 1984.375000
-170.654297, -53.466797, 1209.960938
-10.498047, 86.914062, 1117.187500
73.242188, 142.578125, 1230.468750
174.316406, 92.285156, 1323.242188
-,-,-
-384.033203, -99.365234, 1030.761719
-561.767578, -4.638672, 1092.285156
-522.705078, -76.904297, 1120.117188
-381.591797, -154.052734, 1136.718750
-106.689453, -120.361328, 1075.683594
239.746094, -156.005859, 1054.199219
438.476562, -188.232422, 958.496094
481.445312, -215.576172, 959.472656
415.527344, -214.599609, 835.449219
325.195312, -148.681641, 700.195312
160.644531, -71.044922, 496.093750
107.421875, -7.568359, 198.242188
98.632812, 92.285156, -128.662109
95.703125, 61.035156, -98.876953
-27.099609, 279.296875, 851.074219
-190.673828, 331.054688, 1917.480469
-349.365234, 161.132812, 1999.755859
-367.919922, 92.285156, 1999.755859
-226.806641, 67.382812, 1336.425781
-76.416016, 150.878906, 1132.812500
-16.357422, 130.859375, 1331.054688
119.140625, 123.046875, 1313.964844
-,-,-
-580.322266, -125.732422, 1073.730469
-689.208984, -53.466797, 1061.523438
-445.556641, 19.531250, 1133.789062
-183.349609, 46.875000, 1145.996094
92.773438, -17.333984, 1113.769531
361.328125, -197.021484, 1093.261719
413.085938, -290.771484, 980.957031
388.183594, -334.228516, 897.949219
241.699219, -282.958984, 787.109375
166.015625, -199.951172, 623.535156
70.800781, -82.763672, 379.394531
50.781250, 30.761719, 86.914062
48.828125, 49.804688, -82.763672
70.312500, -88.623047, -46.630859
14.648438, 101.562500, 903.808594
0.488281, 125.488281, 1886.230469
-75.439453, 31.738281, 1999.755859
-118.408203, 13.671875, 1999.755859
-85.693359, -10.498047, 1760.742188
31.250000, 39.062500, 1342.773438
121.093750, 36.132812, 1250.976562
201.660156, 66.406250, 1329.101562
209.472656, 4.394531, 1371.093750
-,-,-
-600.341797, 34.667969, 1428.222656
-920.654297, 65.429688, 1486.816406
-960.693359, -31.494141, 1369.140625
-519.775391, 21.484375, 1209.472656
157.226562, -58.349609, 958.984375
515.625000, -143.310547, 755.859375
594.238281, -208.740234, 607.421875
554.199219, -200.927734, 447.265625
400.878906, -152.587891, 253.906250
127.929688, -118.896484, 12.207031
-8.544922, -3.173828, -276.123047
-12.939453, 166.992188, -250.732422
-38.330078, 451.660156, 601.074219
125.488281, 716.796875, 1904.785156
-254.150391, 356.445312, 1999.755859
-371.826172, -46.630859, 1999.755859
-78.857422, -21.240234, 1557.617188
-42.724609, 40.039062, 1042.968750
4.394531, 159.179688, 1110.839844
81.542969, 168.945312, 1272.460938
190.917969, 239.257812, 1299.804688
-,-,-
-759.521484, -153.076172, 990.234375
-620.361328, -90.087891, 1121.093750
-272.705078, -161.865234, 1021.484375
148.437500, -236.083984, 1076.660156
470.214844, -296.630859, 1018.554688
550.781250, -382.568359, 843.750000
406.250000, -315.185547, 698.730469
210.449219, -197.021484, 537.109375
8.789062, -67.138672, 279.785156
-27.099609, 84.960938, 2.929688
-243.408203, -148.193359, -469.970703
-2.685547, 53.710938, 63.964844
-197.998047, 342.285156, 1605.957031
-411.376953, 212.402344, 1999.755859
-368.896484, -97.412109, 1999.755859
-232.666016, -73.974609, 1504.394531
-106.689453, 13.671875, 994.628906
64.941406, 102.539062, 1150.390625
91.308594, 123.535156, 1338.378906
102.539062, 62.988281, 1383.789062
-,-,-
-51.513672, -147.216797, 976.074219
-129.638672, -168.701172, 1013.183594
-225.341797, -101.318359, 1065.429688
-525.146484, 14.648438, 1231.445312
-587.158203, 3.906250, 1313.964844
-597.900391, 13.671875, 1218.750000
-286.376953, -13.427734, 1155.273438
120.605469, -51.513672, 933.593750
414.062500, -297.607422, 779.296875
511.718750, -439.208984, 715.332031
513.183594, -370.849609, 683.105469
349.121094, -335.205078, 660.644531
178.222656, -198.974609, 473.632812
60.546875, -51.513672, 41.015625
34.667969, 41.015625, -531.005859
27.343750, 127.929688, -538.818359
152.343750, 635.253906, 1413.085938
-239.990234, 448.242188, 1999.755859
-454.833984, -68.115234, 1999.755859
-286.376953, -114.013672, 1580.566406
-144.287109, 35.156250, 1087.890625
-24.169922, 123.535156, 1079.101562
20.507812, 137.695312, 1245.605469
107.910156, 107.421875, 1398.437500
-,-,-
-569.091797, -201.904297, 1066.406250
-595.947266, -130.615234, 1128.417969
-420.166016, -114.013672, 1137.695312
-156.005859, -119.873047, 1086.914062
212.890625, -175.537109, 1034.667969
425.292969, -239.501953, 983.398438
399.902344, -316.162109, 961.425781
238.769531, -377.685547, 904.785156
243.164062, -318.115234, 847.167969
89.355469, -221.435547, 682.617188
-66.162109, -92.041016, 395.996094
-111.572266, -15.380859, -109.130859
-142.822266, -203.857422, -797.607422
312.988281, 89.355469, 51.757812
5.859375, 664.550781, 1660.644531
-201.904297, 580.078125, 1999.755859
-536.865234, 32.226562, 1999.755859
-377.197266, -32.470703, 1962.402344
-136.962891, 4.882812, 763.671875
-33.935547, 125.000000, 897.460938
-21.240234, 213.378906, 1107.421875
53.222656, 187.500000, 1140.625000
40.039062, 58.105469, 1143.066406
-,-,-
-824.462891, -32.470703, 1274.414062
-455.322266, 21.484375, 1108.886719
99.121094, -59.326172, 915.039062
435.546875, -303.955078, 849.609375
527.832031, -420.654297, 799.804688
509.765625, -418.701172, 858.398438
443.359375, -341.552734, 797.363281
272.460938, -264.404297, 770.996094
151.855469, -224.365234, 614.257812
123.046875, -87.646484, 414.550781
46.386719, -114.013672, -87.158203
-61.767578, -269.775391, -1082.763672
29.296875, 165.039062, 343.750000
-289.794922, 682.617188, 1999.755859
-533.935547, 246.582031, 1999.755859
-431.396484, -21.240234, 1999.755859
-259.521484, 50.781250, 1141.601562
-161.865234, 86.914062, 1088.867188
-85.693359, 109.375000, 1259.277344
-41.259766, 115.234375, 1237.304688
-16.845703, 79.101562, 1282.714844
48.828125, 41.015625, 1209.960938
-,-,-
-573.486328, -68.115234, 982.421875
-830.322266, -113.037109, 1083.007812
-722.412109, -305.419922, 1135.742188
-395.263672, -231.201172, 998.535156
61.523438, -318.115234, 956.054688
379.394531, -306.396484, 889.648438
550.781250, -388.916016, 892.089844
497.070312, -396.240234, 929.687500
357.421875, -387.451172, 900.878906
200.683594, -366.455078, 815.429688
155.761719, -308.349609, 704.101562
118.652344, -211.181641, 538.085938
93.750000, -127.685547, 194.824219
-21.240234, -94.482422, -394.775391
-13.427734, -44.677734, -771.728516
-19.287109, 432.617188, 984.375000
-320.556641, 405.273438, 1999.755859
-376.220703, -16.845703, 1999.755859
-253.662109, -147.705078, 1999.755859
-114.990234, -143.310547, 990.234375
9.765625, -18.310547, 979.003906
-24.658203, 66.406250, 1112.792969
41.992188, 91.308594, 1123.046875
-,-,-
-788.330078, -63.232422, 1112.304688
-788.330078, 94.726562, 1029.785156
-445.068359, 91.308594, 816.406250
-83.251953, -41.748047, 863.769531
253.906250, -251.708984, 959.472656
456.054688, -397.216797, 999.511719
443.847656, -393.798828, 1120.117188
323.730469, -302.490234, 1153.320312
190.429688, -220.458984, 1081.054688
79.589844, -194.091797, 1007.812500
43.945312, -176.513672, 920.410156
53.710938, -128.662109, 709.960938
44.921875, -152.587891, 268.554688
89.355469, -264.404297, -1197.021484
-54.931641, 339.355469, -1293.701172
-94.970703, 801.757812, 1999.755859
-591.552734, -24.658203, 1999.755859
-546.630859, -435.302734, 1999.755859
-349.365234, 1.464844, 1220.703125
-162.841797, 61.035156, 982.421875
-90.087891, 110.351562, 1194.335938
-,-,-
-696.044922, -306.396484, 1092.285156
-659.423828, -243.896484, 1030.761719
-348.388672, -93.017578, 1078.125000
-157.958984, 12.695312, 1033.203125
30.273438, -8.544922, 1045.898438
70.312500, -93.505859, 981.933594
173.828125, -172.607422, 937.988281
209.960938, -273.193359, 916.503906
240.234375, -328.857422, 972.167969
268.066406, -372.802734, 1020.507812
244.140625, -257.568359, 1032.714844
187.500000, -196.044922, 985.351562
134.765625, -82.763672, 800.781250
80.078125, 66.406250, 133.300781
-157.958984, -258.544922, -1657.470703
-179.931641, 451.660156, -672.607422
-130.126953, 775.390625, 1999.755859
-161.376953, 217.285156, 1999.755859
-179.931641, -433.349609, 1999.755859
-176.513672, -87.158203, 914.550781
-34.912109, 46.875000, 935.546875
-24.658203, 152.832031, 1264.648438
60.546875, 151.855469, 1235.351562
136.230469, 125.000000, 1164.550781
-,-,-
-695.068359, 76.171875, 1233.398438
-645.751953, 99.609375, 1238.281250
-402.099609, -37.841797, 1125.000000
-41.259766, -72.998047, 1011.230469
229.003906, -242.431641, 929.687500
373.535156, -314.208984, 837.890625
397.460938, -364.990234, 830.566406
289.062500, -341.552734, 805.664062
184.570312, -286.865234, 800.781250
159.179688, -250.732422, 667.968750
87.402344, -223.388672, 389.648438
94.726562, -172.607422, -181.396484
-27.099609, -276.123047, -1103.271484
119.140625, 403.320312, 455.078125
-57.861328, 1031.738281, 1999.755859
-441.162109, 535.156250, 1999.755859
-324.951172, 121.582031, 1999.755859
-150.146484, 80.078125, 1112.792969
-50.537109, 141.601562, 957.519531
12.207031, 160.156250, 1197.265625
63.476562, 184.570312, 1275.390625
94.238281, 136.718750, 1138.671875
-,-,-
-730.224609, -89.599609, 1194.335938
-816.650391, -200.927734, 1121.093750
-488.525391, -79.833984, 970.703125
-121.337891, -191.162109, 891.601562
215.820312, -302.001953, 928.710938
453.613281, -392.822266, 914.062500
548.828125, -395.263672, 928.710938
418.457031, -390.869141, 857.421875
314.941406, -322.998047, 870.117188
228.027344, -301.025391, 875.976562
135.742188, -321.044922, 812.500000
126.953125, -322.021484, 786.621094
105.468750, -284.912109, 694.335938
80.078125, -185.302734, 504.394531
41.503906, 27.343750, 66.406250
-100.830078, -36.865234, -843.017578
41.992188, 233.398438, -219.482422
-347.412109, 391.113281, 1999.755859
-259.033203, 17.578125, 1999.755859
-201.416016, -252.685547, 1999.755859
-104.248047, -81.787109, 1342.285156
73.242188, 40.039062, 1153.320312
129.394531, 85.937500, 1209.960938
96.191406, 24.414062, 1092.285156
-,-,-
-31.982422, -450.927734, 975.097656
20.996094, -397.216797, 1040.527344
1.953125, -382.568359, 951.171875
8.300781, -315.185547, 939.453125
-11.962891, -218.994141, 986.328125
-161.376953, -264.404297, 910.156250
-419.189453, -313.232422, 940.429688
-642.822266, -283.935547, 915.039062
-634.033203, -253.662109, 716.308594
-247.314453, -181.396484, 708.984375
147.460938, -113.037109, 825.195312
396.972656, -164.794922, 1061.523438
467.773438, -207.763672, 1203.613281
405.761719, -242.919922, 1210.937500
304.199219, -205.810547, 1114.257812
252.929688, -148.193359, 954.101562
209.472656, -75.927734, 698.730469
94.238281, 10.742188, 360.351562
-61.767578, 116.210938, -192.626953
-56.396484, -59.814453, -577.880859
-6.591797, 131.835938, 567.382812
-141.357422, 210.937500, 1999.755859
-290.771484, -142.333984, 1999.755859
-242.431641, -208.740234, 1969.726562
-134.521484, 0.976562, 1183.593750
-25.634766, 56.640625, 1021.484375
51.757812, 70.312500, 1208.984375
166.503906, 89.355469, 1359.375000
229.492188, 23.437500, 1281.738281
-,-,-
-159.423828, -329.345703, 880.371094
-130.615234, -309.326172, 971.679688
-334.228516, -338.623047, 960.449219
-477.783203, -306.396484, 960.449219
-688.232422, -288.818359, 901.855469
-580.322266, -152.587891, 875.976562
-305.908203, -181.884766, 920.410156
20.507812, -150.634766, 957.031250
330.078125, -282.958984, 1044.921875
438.476562, -381.591797, 1169.433594
454.589844, -457.763672, 1088.378906
385.742188, -417.724609, 930.664062
305.664062, -339.599609, 738.281250
187.500000, -247.802734, 557.617188
23.925781, -34.912109, 211.914062
-26.123047, 0.976562, -566.650391
-81.787109, -112.060547, -770.751953
-19.287109, 152.832031, 797.363281
-292.236328, 88.378906, 1999.755859
-310.791016, -379.150391, 1999.755859
-336.181641, -202.880859, 1721.679688
-113.525391, 6.835938, 905.761719
-62.255859, -7.568359, 953.125000
-26.123047, 5.859375, 1183.593750
61.523438, -0.732422, 1251.953125
145.996094, -21.240234, 1177.734375
-,-,-
-134.521484, -309.326172, 911.132812
-193.603516, -221.435547, 934.570312
-392.822266, -222.412109, 1039.062500
-596.923828, -179.931641, 1101.562500
-522.216797, -266.357422, 1011.230469
-284.912109, -264.404297, 1073.730469
-59.814453, -239.990234, 1166.503906
252.441406, -273.193359, 1082.031250
377.929688, -318.115234, 1092.285156
370.605469, -334.228516, 1033.691406
347.656250, -278.076172, 859.863281
315.917969, -222.412109, 719.726562
211.914062, -154.052734, 542.968750
75.683594, -37.841797, 77.148438
-148.193359, -36.865234, -655.029297
-230.224609, -200.927734, -1220.458984
281.250000, 569.824219, 1541.503906
-145.263672, 292.480469, 1999.755859
-54.931641, -291.748047, 1999.755859
-175.537109, -325.927734, 1605.957031
-35.400391, -81.787109, 1108.398438
33.203125, -1.708984, 1237.304688
89.355469, 71.289062, 1324.218750
123.046875, -10.498047, 1305.664062
228.027344, -55.419922, 1227.050781
-,-,-
-418.212891, -217.529297, 1053.222656
-630.126953, -157.958984, 1125.000000
-720.458984, -175.537109, 1063.476562
-568.115234, -210.205078, 940.917969
-242.431641, -153.076172, 1019.042969
177.734375, -268.798828, 1037.109375
398.925781, -392.333984, 985.351562
465.820312, -437.255859, 943.847656
416.015625, -424.560547, 895.507812
286.132812, -383.544922, 838.867188
180.175781, -301.025391, 794.921875
148.437500, -265.380859, 628.906250
127.441406, -134.521484, 428.710938
84.472656, -6.591797, -271.240234
-52.490234, -92.529297, -1394.775391
55.664062, 357.421875, 339.843750
-180.419922, 657.226562, 1999.755859
-457.763672, -31.982422, 1999.755859
-323.974609, -155.029297, 1999.755859
-169.189453, -51.513672, 1315.429688
-72.998047, 55.664062, 1204.589844
16.113281, 85.937500, 1130.371094
89.355469, 105.468750, 1133.300781
176.757812, 93.750000, 1200.195312
213.867188, 18.554688, 1170.898438
-,-,-
-573.974609, -239.501953, 1102.539062
-705.322266, -173.583984, 1102.539062
-581.787109, -177.490234, 1019.531250
-267.333984, -291.748047, 895.019531
13.671875, -333.251953, 974.609375
316.406250, -378.662109, 1001.953125
416.503906, -417.724609, 1028.320312
400.878906, -368.896484, 1022.460938
341.308594, -255.615234, 833.984375
243.164062, -167.724609, 658.691406
121.093750, -55.419922, 429.687500
53.710938, -129.638672, -362.548828
-87.646484, -448.974609, -1317.138672
109.375000, 558.105469, 638.183594
-68.603516, 806.640625, 1999.755859
-379.638672, 385.742188, 1999.755859
-348.388672, 56.640625, 1999.755859
-160.888672, -27.099609, 1073.730469
-78.369141, 89.843750, 1038.574219
-67.626953, 146.484375, 1165.527344
-20.263672, 158.203125, 1129.394531
80.566406, 148.437500, 1150.390625
77.148438, 39.062500, 1110.839844
-,-,-
-467.529297, -336.181641, 867.675781
-494.384766, -436.279297, 926.269531
-821.044922, -278.076172, 1032.226562
-502.197266, -205.810547, 994.140625
-236.083984, -223.388672, 954.101562
129.394531, -400.146484, 894.531250
452.148438, -526.123047, 822.265625
520.507812, -662.353516, 790.527344
431.640625, -622.802734, 737.304688
283.691406, -483.642578, 797.851562
174.316406, -369.873047, 737.304688
98.632812, -244.873047, 670.898438
128.906250, -180.908203, 473.632812
161.621094, -17.333984, -405.029297
169.921875, 116.210938, -1284.912109
-104.248047, 428.710938, 1462.890625
-631.591797, -533.447266, 1999.755859
-498.779297, -520.751953, 1999.755859
-383.544922, -182.861328, 1358.886719
-232.177734, 23.437500, 1162.109375
-200.927734, -31.494141, 1342.285156
-145.263672, -27.099609, 1345.703125
-26.123047, 41.992188, 1265.136719
157.226562, 48.828125, 1200.195312
-,-,-
-364.501953, -210.205078, 992.675781
-603.271484, -196.044922, 1059.570312
-595.458984, -129.638672, 1043.945312
-412.353516, -47.607422, 930.664062
-160.400391, -161.865234, 878.417969
2.441406, -250.732422, 1009.765625
286.132812, -269.287109, 1035.644531
392.089844, -304.443359, 1071.777344
294.921875, -343.505859, 1002.929688
243.652344, -272.216797, 872.070312
166.992188, -211.669922, 723.632812
62.500000, -153.076172, 482.421875
25.878906, -144.287109, 10.742188
-20.263672, -416.748047, -976.806641
51.269531, 125.488281, 13.671875
-145.751953, 713.867188, 1999.755859
-304.931641, 469.726562, 1999.755859
-372.802734, 26.855469, 1999.755859
-236.083984, -31.005859, 1246.582031
-110.107422, -27.099609, 1148.925781
-19.287109, 33.203125, 1242.675781
84.960938, 82.031250, 1237.304688
137.207031, 108.398438, 1225.097656
243.652344, 110.351562, 1155.273438
-,-,-
-781.005859, -166.748047, 1133.789062
-742.431641, -108.154297, 962.890625
-462.158203, -109.130859, 944.824219
-30.029297, -243.896484, 860.839844
296.386719, -360.107422, 956.542969
474.609375, -437.255859, 1062.500000
431.152344, -423.583984, 1011.230469
305.175781, -285.888672, 893.554688
176.757812, -220.458984, 812.988281
92.285156, -156.005859, 559.570312
43.945312, -101.318359, 291.992188
-54.443359, -276.123047, -492.919922
-1.708984, -229.248047, -998.291016
1.953125, 651.367188, 1642.089844
-226.806641, 443.847656, 1999.755859
-359.619141, -190.185547, 1999.755859
-287.353516, -135.498047, 1415.527344
-186.279297, -31.494141, 1041.992188
-73.486328, 85.937500, 1214.843750
-25.634766, 143.554688, 1256.835938
-11.474609, 106.445312, 1177.246094
-,-,-
-638.916016, -215.576172, 1119.140625
-575.439453, -217.529297, 917.480469
-351.318359, -197.021484, 890.625000
-22.216797, -266.845703, 941.894531
317.871094, -322.021484, 1040.039062
405.273438, -422.119141, 1109.375000
444.335938, -474.365234, 941.894531
397.460938, -398.193359, 860.351562
286.621094, -276.123047, 715.332031
168.945312, -156.005859, 531.250000
46.386719, -53.466797, 299.804688
29.785156, -151.611328, -491.943359
100.585938, -313.232422, -1170.654297
-274.658203, 486.816406, 1999.755859
-216.552734, 257.812500, 1999.755859
-103.271484, -16.357422, 1999.755859
-162.841797, 15.625000, 1209.960938
-60.302734, 89.355469, 1135.742188
-10.986328, 93.750000, 1267.578125
49.804688, 110.351562, 1250.000000
136.230469, 123.535156, 1214.843750
213.867188, 114.257812, 1118.164062
-,-,-
-458.740234, -64.208984, 1047.851562
-447.021484, -97.412109, 1068.359375
-260.498047, -145.263672, 1016.113281
93.261719, -304.443359, 916.503906
340.820312, -362.548828, 990.234375
473.632812, -387.451172, 1087.890625
421.875000, -333.740234, 1085.937500
345.214844, -240.478516, 1017.089844
234.375000, -182.861328, 740.234375
135.253906, -114.013672, 475.585938
38.085938, -100.341797, 161.132812
30.761719, -184.814453, -727.294922
40.527344, -325.927734, -1010.986328
63.476562, 511.230469, 1821.289062
14.648438, 716.796875, 1999.755859
-40.283203, 323.242188, 1999.755859
-126.708984, 44.921875, 1537.109375
-57.373047, 3.906250, 939.941406
12.207031, 91.308594, 1038.085938
45.410156, 111.328125, 1146.972656
101.074219, 122.558594, 1107.421875
151.367188, 90.332031, 1051.269531
166.015625, 62.988281, 1067.382812
-,-,-
-319.091797, -189.208984, 951.171875
-439.208984, -250.732422, 1070.312500
-498.779297, -181.884766, 1139.648438
-566.162109, -202.880859, 1074.707031
-318.603516, -192.138672, 1007.812500
-37.353516, -339.599609, 929.687500
272.460938, -398.193359, 888.671875
434.082031, -490.966797, 928.710938
449.218750, -422.119141, 940.917969
398.925781, -361.083984, 885.253906
299.316406, -269.287109, 769.042969
225.097656, -199.951172, 540.527344
97.656250, -159.912109, 187.011719
23.925781, -196.044922, -811.767578
196.777344, -79.833984, -1182.861328
64.453125, 776.367188, 1924.316406
-347.412109, 531.250000, 1999.755859
-211.669922, -11.474609, 1999.755859
-207.275391, -43.701172, 1287.109375
-151.123047, 57.617188, 1109.863281
-26.611328, 78.125000, 1304.687500
29.785156, 58.593750, 1385.742188
-,-,-
-683.349609, -157.958984, 1057.617188
-528.076172, -118.408203, 975.585938
-302.001953, -148.193359, 958.496094
-92.041016, -132.568359, 987.304688
71.289062, -208.740234, 1001.953125
187.011719, -270.751953, 1046.875000
233.398438, -294.677734, 1053.222656
249.023438, -269.287109, 1045.898438
244.628906, -263.427734, 914.062500
210.449219, -207.763672, 763.671875
154.785156, -166.748047, 491.699219
60.058594, -151.611328, 47.851562
25.390625, -255.615234, -871.826172
149.414062, 25.390625, -963.623047
36.621094, 720.214844, 1689.453125
-575.927734, 462.890625, 1999.755859
-666.259766, -34.912109, 1999.755859
-419.677734, -61.279297, 1336.425781
-224.365234, 57.128906, 988.281250
-179.443359, 112.304688, 1158.203125
-80.810547, 96.679688, 1141.601562
26.367188, 97.656250, 1102.539062
131.347656, 65.429688, 1093.750000
-,-,-
-293.701172, -121.337891, 1003.906250
-460.693359, -178.955078, 1095.214844
-527.099609, -201.904297, 1040.527344
-522.705078, -56.884766, 998.535156
-255.615234, -162.841797, 940.917969
-91.552734, -203.857422, 934.570312
57.617188, -281.982422, 995.117188
194.335938, -327.880859, 997.558594
252.441406, -382.568359, 1049.804688
252.441406, -373.779297, 1075.683594
220.214844, -375.732422, 987.304688
239.746094, -284.912109, 839.843750
197.753906, -269.287109, 547.851562
31.250000, -222.412109, 211.914062
2.441406, -290.771484, -664.794922
88.378906, -275.146484, -1241.455078
109.863281, 756.347656, 814.453125
-155.029297, 971.191406, 1999.755859
-266.845703, 325.195312, 1999.755859
-300.048828, -13.427734, 1751.464844
-187.255859, 50.781250, 1163.085938
-58.837891, 181.152344, 1240.234375
2.441406, 211.425781, 1336.425781
75.683594, 165.039062, 1255.859375
165.527344, 125.976562, 1200.195312
-,-,-
-281.494141, -107.177734, 850.585938
-313.720703, -182.373047, 924.804688
-407.470703, -177.490234, 1005.859375
-478.759766, -173.583984, 1143.554688
-506.591797, -161.865234, 1202.148438
-438.720703, -122.314453, 1200.195312
-190.673828, -99.365234, 1085.937500
-1.220703, -148.193359, 979.003906
128.906250, -188.232422, 938.964844
278.808594, -240.478516, 828.613281
305.175781, -256.591797, 805.664062
303.710938, -272.705078, 719.726562
229.980469, -233.154297, 524.902344
128.906250, -174.560547, 238.769531
150.390625, -248.779297, -808.837891
180.664062, -1.220703, -324.951172
-91.552734, 556.640625, 1999.511719
-49.560547, 398.437500, 1999.755859
-284.912109, 47.851562, 1999.755859
-232.177734, -79.833984, 1261.230469
-137.939453, 29.785156, 920.410156
-112.060547, 108.398438, 1125.000000
-97.900391, 108.398438, 1216.796875
-4.150391, 104.492188, 1150.878906
33.203125, 41.992188, 1088.867188
-,-,-
-565.673828, -122.802734, 943.359375
-631.591797, -78.857422, 1028.320312
-690.673828, -179.931641, 1107.421875
-634.521484, -217.529297, 1107.421875
-409.912109, -204.833984, 1030.273438
-153.564453, -266.357422, 983.886719
66.406250, -324.951172, 1000.976562
299.316406, -390.869141, 979.003906
416.503906, -496.826172, 871.093750
362.792969, -543.212891, 802.734375
287.109375, -484.130859, 778.808594
246.093750, -377.685547, 650.390625
157.226562, -287.841797, 517.578125
67.871094, -168.701172, 241.699219
51.757812, -44.677734, -702.392578
-208.740234, -169.677734, -1657.470703
110.351562, 788.574219, 1000.976562
-399.658203, 948.242188, 1999.755859
-302.490234, 112.304688, 1999.755859
-189.208984, -46.630859, 1482.421875
-101.806641, 41.015625, 1037.109375
4.394531, 109.375000, 1315.917969
86.914062, 144.531250, 1456.054688
192.382812, 164.062500, 1352.539062
-,-,-
-549.072266, -95.458984, 1057.617188
-653.076172, -38.818359, 956.542969
-550.048828, -88.134766, 947.265625
-366.943359, -165.771484, 957.519531
-54.931641, -401.123047, 1066.406250
180.175781, -539.306641, 1088.867188
334.472656, -609.130859, 1122.070312
371.093750, -550.537109, 1058.105469
344.726562, -446.044922, 850.097656
284.179688, -382.568359, 681.152344
270.019531, -333.251953, 478.515625
193.359375, -300.537109, 268.066406
77.636719, -223.388672, 6.835938
56.640625, -217.529297, -602.783203
126.953125, -86.181641, -830.322266
-117.919922, 360.839844, 1095.214844
-147.705078, 531.250000, 1999.755859
-164.794922, 268.066406, 1999.755859
-77.392578, 132.324219, 1732.910156
-56.396484, 40.039062, 1722.656250
40.039062, -61.279297, 1071.289062
170.898438, -4.638672, 1273.925781
138.671875, 76.171875, 1289.062500
168.457031, 71.289062, 1208.496094
-,-,-
-737.060547, -161.865234, 959.472656
-700.927734, -159.912109, 1105.468750
-578.369141, -131.591797, 1080.078125
-177.978516, -128.662109, 1077.636719
33.203125, -191.162109, 1008.300781
220.214844, -327.880859, 1010.742188
324.218750, -375.732422, 1001.953125
321.289062, -362.548828, 1048.339844
269.531250, -328.857422, 962.402344
198.242188, -299.072266, 843.750000
156.738281, -249.755859, 666.015625
25.878906, -214.599609, 435.058594
-92.529297, -158.935547, -75.439453
-285.888672, -441.162109, -1419.677734
174.316406, 238.769531, -428.955078
68.359375, 1060.058594, 1999.755859
-130.126953, 428.222656, 1999.755859
-110.595703, -124.755859, 1999.755859
-115.966797, -131.591797, 1096.191406
19.042969, 17.578125, 1094.726562
51.757812, 79.101562, 1305.175781
100.585938, 58.105469, 1355.957031
-,-,-
-246.337891, -214.599609, 705.078125
-342.041016, -158.935547, 823.242188
-647.216797, -186.279297, 962.890625
-901.611328, -80.810547, 1160.156250
-990.966797, 65.429688, 1227.539062
-685.791016, 60.546875, 1214.843750
-147.216797, -84.716797, 1098.632812
368.652344, -288.818359, 914.062500
598.632812, -497.802734, 840.820312
588.378906, -559.326172, 911.132812
436.035156, -484.130859, 944.824219
284.179688, -412.841797, 916.992188
178.222656, -346.435547, 935.546875
96.679688, -361.572266, 904.785156
135.742188, -312.255859, 750.488281
86.914062, -260.498047, 420.410156
-1.708984, -304.443359, -1032.958984
-52.490234, -230.224609, -1999.755859
207.519531, 1076.171875, 885.253906
-101.806641, 1039.062500, 1999.755859
-78.369141, 34.667969, 1999.755859
-158.935547, -270.263672, 1494.140625
-58.349609, -123.291016, 920.410156
27.343750, -6.591797, 1144.042969
56.640625, 62.011719, 1384.765625
149.414062, 54.687500, 1311.523438
-,-,-
-261.474609, -240.478516, 930.664062
-319.580078, -239.501953, 983.398438
-602.783203, -268.798828, 1000.000000
-719.482422, -210.693359, 1066.406250
-794.677734, -126.708984, 983.398438
-596.923828, -203.857422, 984.375000
-342.529297, -239.990234, 993.164062
40.527344, -295.654297, 957.031250
258.789062, -408.935547, 965.820312
317.382812, -439.208984, 950.195312
357.910156, -482.177734, 925.292969
325.195312, -483.154297, 808.105469
216.796875, -499.755859, 783.203125
183.593750, -486.083984, 677.246094
189.941406, -429.443359, 551.757812
170.898438, -245.849609, 333.496094
66.894531, -281.005859, -763.427734
112.792969, -113.037109, -1461.669922
195.800781, 719.726562, 1209.960938
-93.017578, 404.296875, 1999.755859
-92.041016, -289.794922, 1999.755859
-159.423828, -398.193359, 1486.816406
-111.083984, -279.052734, 980.468750
-32.470703, -146.240234, 1169.921875
13.671875, -63.232422, 1322.753906
83.007812, -24.169922, 1271.484375
147.949219, -55.419922, 1167.968750
-,-,-
-349.365234, -249.755859, 893.554688
-400.634766, -256.591797, 965.820312
-510.498047, -277.099609, 1021.484375
-586.181641, -267.333984, 1032.714844
-565.673828, -211.181641, 1046.875000
-355.712891, -221.435547, 956.542969
-131.103516, -281.982422, 987.304688
20.507812, -312.255859, 932.617188
205.078125, -339.599609, 906.250000
323.730469, -418.701172, 894.531250
328.613281, -441.162109, 811.035156
321.777344, -455.322266, 691.406250
294.921875, -359.130859, 516.601562
126.953125, -262.451172, -0.244141
-64.208984, -313.232422, -1461.669922
123.046875, 198.242188, -110.595703
108.398438, 758.300781, 1999.755859
158.203125, 101.562500, 1999.755859
-23.193359, -227.294922, 1999.755859
-82.275391, -275.146484, 1247.558594
-15.869141, -103.271484, 1036.621094
-35.400391, 1.464844, 1274.414062
-16.357422, 24.414062, 1285.156250
97.656250, 50.781250, 1291.015625
112.792969, -1.220703, 1284.667969
-,-,-
-373.779297, -191.162109, 856.445312
-539.794922, -200.927734, 931.640625
-757.080078, -246.826172, 929.687500
-790.771484, -224.365234, 967.773438
-607.177734, -121.826172, 994.140625
-243.408203, -99.365234, 1042.968750
-0.732422, -273.681641, 1001.953125
288.085938, -434.326172, 985.351562
423.339844, -546.630859, 963.867188
413.574219, -499.755859, 995.117188
360.839844, -387.451172, 913.085938
291.015625, -282.958984, 855.468750
252.929688, -173.583984, 732.910156
178.222656, -54.443359, 477.539062
-31.982422, -15.380859, -336.669922
-277.587891, -325.927734, -1999.755859
127.929688, 804.687500, 1070.800781
178.222656, 602.539062, 1999.755859
116.210938, -92.041016, 1999.755859
-167.236328, -151.611328, 1427.246094
130.371094, 56.640625, 879.394531
84.472656, 136.718750, 1200.195312
94.238281, 120.605469, 1370.117188
139.648438, 64.453125, 1246.093750
-,-,-
-554.931641, -158.935547, 961.425781
-708.740234, -213.134766, 1054.199219
-909.912109, -154.052734, 943.359375
-641.357422, -114.990234, 879.882812
-292.724609, -217.529297, 910.156250
90.332031, -244.873047, 1019.531250
357.910156, -375.732422, 1044.921875
444.335938, -428.466797, 1085.937500
411.132812, -418.701172, 1053.222656
309.570312, -345.458984, 952.148438
226.562500, -282.958984, 820.312500
187.500000, -171.630859, 561.035156
-52.001953, -118.408203, 229.003906
-92.041016, -335.693359, -1040.283203
178.222656, 126.464844, -865.478516
0.488281, 671.875000, 1999.755859
-32.470703, 237.792969, 1999.755859
-68.115234, -212.158203, 1999.755859
-174.560547, -170.654297, 1261.230469
-79.833984, -58.837891, 938.964844
4.882812, 9.765625, 1291.992188
23.925781, 7.812500, 1338.378906
77.636719, -10.498047, 1222.167969
-,-,-
-293.701172, -212.158203, 842.773438
-343.505859, -176.513672, 878.906250
-468.994141, -208.740234, 967.773438
-610.595703, -209.716797, 940.917969
-714.599609, -194.091797, 996.582031
-669.677734, -64.208984, 967.773438
-519.287109, -83.740234, 998.535156
-203.857422, -117.431641, 873.046875
125.488281, -252.685547, 981.933594
399.414062, -361.083984, 1081.054688
407.226562, -482.177734, 1099.609375
315.917969, -435.302734, 1116.210938
233.886719, -372.802734, 1046.875000
141.601562, -322.021484, 907.226562
67.382812, -268.798828, 786.132812
35.644531, -159.912109, 588.867188
-31.982422, -144.287109, 240.722656
-70.068359, -156.005859, -620.361328
58.105469, -39.794922, -333.251953
-60.791016, 240.722656, 1076.660156
-137.451172, 364.257812, 1999.755859
-194.580078, 54.687500, 1999.755859
-190.673828, 61.523438, 1591.796875
-64.208984, -48.583984, 1403.320312
-62.255859, -58.837891, 1088.867188
48.828125, -28.076172, 1277.343750
98.632812, 55.664062, 1313.964844
175.781250, 50.781250, 1264.160156
-,-,-
-249.755859, -238.525391, 1304.687500
-602.783203, -137.451172, 1591.796875
-721.435547, -46.630859, 1189.453125
-747.314453, 24.414062, 923.339844
-559.326172, 17.578125, 649.414062
-251.220703, -163.818359, 639.160156
114.257812, -281.005859, 798.828125
423.339844, -435.302734, 984.375000
457.031250, -516.357422, 1116.210938
357.910156, -452.392578, 1124.023438
215.820312, -268.310547, 1018.066406
186.035156, -205.810547, 832.031250
151.367188, -167.724609, 585.937500
58.105469, -77.880859, 414.550781
44.921875, -37.841797, 248.046875
65.917969, -43.701172, 42.968750
101.562500, -123.779297, -38.330078
-122.314453, -94.482422, 1007.812500
-16.357422, 216.308594, 1999.755859
-64.208984, 97.656250, 1999.755859
-116.943359, -19.287109, 1834.960938
35.644531, -0.244141, 1197.265625
77.636719, 3.906250, 1116.210938
90.820312, 16.601562, 1162.109375
124.511719, 28.808594, 1207.031250
165.039062, 39.062500, 1259.277344
276.367188, 80.078125, 1230.468750
-,-,-
-650.634766, -146.240234, 1008.789062
-650.146484, -98.388672, 1104.980469
-478.271484, -162.841797, 995.117188
-190.185547, -228.271484, 979.003906
147.949219, -328.369141, 988.281250
308.105469, -385.498047, 983.886719
411.621094, -356.201172, 953.125000
427.734375, -338.623047, 913.085938
376.953125, -299.560547, 762.695312
289.550781, -241.455078, 627.929688
206.542969, -127.685547, 458.007812
128.906250, -103.271484, 210.937500
126.464844, -160.888672, -42.236328
-52.978516, 17.578125, 972.167969
-7.568359, 143.554688, 1698.242188
-126.708984, 88.867188, 1922.363281
-252.685547, 20.507812, 1731.445312
-185.791016, -31.005859, 1305.664062
-128.662109, 1.953125, 1195.312500
-93.505859, 46.875000, 1217.773438
-48.095703, 63.476562, 1149.414062
-22.216797, 83.984375, 1103.515625
31.250000, 90.332031, 1061.523438
71.777344, 78.125000, 1069.335938
-,-,-
-492.919922, -226.318359, 965.332031
-687.255859, -219.482422, 1028.320312
-782.958984, -150.634766, 1013.671875
-645.751953, -98.388672, 990.234375
-420.166016, -124.755859, 905.273438
-109.130859, -240.478516, 954.101562
220.703125, -407.958984, 937.500000
420.410156, -455.810547, 1052.246094
430.664062, -406.982422, 994.628906
360.351562, -362.060547, 928.710938
278.808594, -289.794922, 770.996094
171.386719, -193.115234, 561.035156
22.949219, -72.998047, 311.523438
-50.048828, -43.701172, -260.009766
-27.587891, -132.568359, -877.685547
-3.662109, 247.070312, 271.484375
-35.400391, 533.203125, 1999.755859
-81.298828, 153.808594, 1999.755859
-177.978516, -156.005859, 1999.755859
-113.037109, -93.017578, 1134.765625
37.109375, 68.359375, 1136.230469
84.960938, 61.035156, 1214.843750
102.050781, 105.468750, 1132.812500
108.398438, 135.742188, 1208.007812
184.570312, 123.046875, 1114.257812
269.042969, 104.492188, 1089.355469
-,-,-
-346.923828, -95.947266, 985.351562
-467.041016, -177.490234, 1052.246094
-531.982422, -114.013672, 1116.210938
-516.845703, -54.443359, 1082.031250
-460.205078, -124.755859, 1081.054688
-326.904297, -209.716797, 991.210938
-63.232422, -281.982422, 932.617188
135.253906, -371.826172, 958.496094
303.222656, -417.724609, 878.417969
401.367188, -365.966797, 782.226562
394.531250, -301.513672, 718.750000
297.363281, -232.177734, 507.324219
172.851562, -132.568359, 319.824219
53.222656, -86.669922, 3.417969
-16.845703, -209.716797, -738.037109
128.906250, 115.722656, 206.542969
59.082031, 649.414062, 1999.755859
207.519531, 466.796875, 1999.755859
70.312500, 89.355469, 1999.755859
-15.380859, -21.240234, 1458.007812
54.199219, 99.609375, 1192.382812
81.542969, 147.949219, 1230.468750
94.238281, 144.531250, 1233.398438
108.398438, 129.882812, 1165.039062
144.531250, 109.375000, 1093.261719
-,-,-
-291.259766, -253.662109, 936.523438
-318.603516, -186.767578, 1013.671875
-515.380859, -166.748047, 1132.324219
-571.044922, -62.255859, 1182.128906
-494.873047, -157.958984, 1058.593750
-365.966797, -147.216797, 1068.359375
-60.791016, -205.810547, 986.328125
203.613281, -258.544922, 1019.531250
379.882812, -372.802734, 895.507812
424.316406, -401.123047, 938.964844
382.324219, -375.732422, 877.441406
335.937500, -307.373047, 755.859375
278.808594, -188.232422, 692.871094
181.640625, -114.990234, 338.378906
89.355469, -79.833984, -358.642578
-49.560547, 53.710938, -744.873047
56.640625, 346.679688, 655.273438
-7.568359, 667.968750, 1999.755859
-173.583984, 122.558594, 1999.755859
-302.490234, -238.037109, 1946.777344
-154.541016, -199.951172, 1194.335938
16.113281, -38.818359, 1183.105469
34.667969, 4.882812, 1312.500000
94.238281, 23.437500, 1267.578125
141.113281, 59.570312, 1195.312500
183.593750, 15.625000, 1163.085938
213.378906, 62.011719, 1117.675781
-,-,-
-572.509766, -154.052734, 1106.445312
-696.533203, -152.099609, 1031.738281
-677.490234, -85.693359, 982.910156
-656.005859, -138.427734, 1138.671875
-349.365234, -114.013672, 979.003906
-3.662109, -190.185547, 992.187500
246.093750, -322.021484, 1020.507812
432.128906, -440.185547, 1023.437500
514.160156, -449.462891, 990.234375
444.335938, -386.474609, 904.296875
328.125000, -324.951172, 878.906250
248.046875, -301.025391, 750.488281
174.316406, -251.708984, 583.496094
61.523438, -146.240234, 241.210938
-112.548828, -296.142578, -867.431641
52.246094, -74.951172, -623.291016
-0.244141, 691.406250, 1475.585938
-130.615234, 624.023438, 1999.755859
-154.052734, 106.445312, 1999.755859
-149.658203, -2.685547, 1389.160156
-21.240234, 0.976562, 976.074219
54.199219, 56.640625, 1062.500000
44.921875, 86.914062, 1223.144531
106.445312, 113.281250, 1206.542969
153.808594, 105.468750, 1124.023438
146.484375, 70.312500, 1111.816406
291.503906, 127.929688, 1124.023438
-,-,-
-470.947266, -255.615234, 972.656250
-667.724609, -302.001953, 1102.539062
-802.001953, -298.583984, 1132.812500
-648.681641, -142.333984, 1231.445312
-312.255859, -87.158203, 1265.136719
119.628906, -156.982422, 1180.175781
379.394531, -322.021484, 1117.675781
512.207031, -384.521484, 1077.148438
474.609375, -361.083984, 922.363281
356.445312, -329.833984, 744.140625
220.214844, -303.955078, 562.988281
125.488281, -211.181641, 406.250000
95.214844, -59.814453, -12.451172
-101.318359, -183.837891, -1070.556641
-78.857422, 96.679688, -144.287109
54.199219, 622.070312, 1999.755859
147.949219, 504.882812, 1999.755859
-107.666016, 103.515625, 1999.755859
-79.345703, -53.955078, 1313.964844
-89.111328, 75.195312, 1159.179688
174.316406, 74.218750, 1171.875000
183.593750, 54.687500, 1122.070312
165.527344, 58.593750, 1055.664062
209.960938, 66.406250, 949.218750
151.367188, 11.718750, 887.207031
